59
0  1     1.1  0.0  0.0  0.0  1.1  0.0  0.0  0.0  1.1
1  2     0.9  0.0  0.0  0.0  0.9  0.0  0.0  0.0  0.9
2  3     1.1  0.0  0.0  0.0  1.1  0.0  0.0  0.0  1.1
3  4     0.9  0.0  0.0  0.0  0.9  0.0  0.0  0.0  0.9
4  5     1.1  0.0  0.0  0.0  1.1  0.0  0.0  0.0  1.1
5  6     0.9  0.0  0.0  0.0  0.9  0.0  0.0  0.0  0.9
6  7     1.1  0.0  0.0  0.0  1.1  0.0  0.0  0.0  1.1
7  8     0.9  0.0  0.0  0.0  0.9  0.0  0.0  0.0  0.9
8  9     1.1  0.0  0.0  0.0  1.1  0.0  0.0  0.0  1.1
9  10     0.9  0.0  0.0  0.0  0.9  0.0  0.0  0.0  0.9
10  11     1.1  0.0  0.0  0.0  1.1  0.0  0.0  0.0  1.1
11  12     0.9  0.0  0.0  0.0  0.9  0.0  0.0  0.0  0.9
12  13     1.1  0.0  0.0  0.0  1.1  0.0  0.0  0.0  1.1
13  14     0.9  0.0  0.0  0.0  0.9  0.0  0.0  0.0  0.9
14  15     1.1  0.0  0.0  0.0  1.1  0.0  0.0  0.0  1.1
15  16     0.9  0.0  0.0  0.0  0.9  0.0  0.0  0.0  0.9
16  17     1.1  0.0  0.0  0.0  1.1  0.0  0.0  0.0  1.1
17  18     0.9  0.0  0.0  0.0  0.9  0.0  0.0  0.0  0.9
18  19     1.1  0.0  0.0  0.0  1.1  0.0  0.0  0.0  1.1
19  20     0.9  0.0  0.0  0.0  0.9  0.0  0.0  0.0  0.9
20  21     1.1  0.0  0.0  0.0  1.1  0.0  0.0  0.0  1.1
21  22     0.9  0.0  0.0  0.0  0.9  0.0  0.0  0.0  0.9
22  23     1.1  0.0  0.0  0.0  1.1  0.0  0.0  0.0  1.1
23  24     0.9  0.0  0.0  0.0  0.9  0.0  0.0  0.0  0.9
24  25     1.1  0.0  0.0  0.0  1.1  0.0  0.0  0.0  1.1
25  26     0.9  0.0  0.0  0.0  0.9  0.0  0.0  0.0  0.9
26  27     1.1  0.0  0.0  0.0  1.1  0.0  0.0  0.0  1.1
27  28     0.9  0.0  0.0  0.0  0.9  0.0  0.0  0.0  0.9
28  29     1.1  0.0  0.0  0.0  1.1  0.0  0.0  0.0  1.1
29  30     0.9  0.0  0.0  0.0  0.9  0.0  0.0  0.0  0.9
30  31     1.1  0.0  0.0  0.0  1.1  0.0  0.0  0.0  1.1
31  32     0.9  0.0  0.0  0.0  0.9  0.0  0.0  0.0  0.9
32  33     1.1  0.0  0.0  0.0  1.1  0.0  0.0  0.0  1.1
33  34     0.9  0.0  0.0  0.0  0.9  0.0  0.0  0.0  0.9
34  35     1.1  0.0  0.0  0.0  1.1  0.0  0.0  0.0  1.1
35  36     0.9  0.0  0.0  0.0  0.9  0.0  0.0  0.0  0.9
36  37     1.1  0.0  0.0  0.0  1.1  0.0  0.0  0.0  1.1
37  38     0.9  0.0  0.0  0.0  0.9  0.0  0.0  0.0  0.9
38  39     1.1  0.0  0.0  0.0  1.1  0.0  0.0  0.0  1.1
39  40     0.9  0.0  0.0  0.0  0.9  0.0  0.0  0.0  0.9
40  41     1.1  0.0  0.0  0.0  1.1  0.0  0.0  0.0  1.1
41  42     0.9  0.0  0.0  0.0  0.9  0.0  0.0  0.0  0.9
42  43     1.1  0.0  0.0  0.0  1.1  0.0  0.0  0.0  1.1
43  44     0.9  0.0  0.0  0.0  0.9  0.0  0.0  0.0  0.9
44  45     1.1  0.0  0.0  0.0  1.1  0.0  0.0  0.0  1.1
45  46     0.9  0.0  0.0  0.0  0.9  0.0  0.0  0.0  0.9
46  47     1.1  0.0  0.0  0.0  1.1  0.0  0.0  0.0  1.1
47  48     0.9  0.0  0.0  0.0  0.9  0.0  0.0  0.0  0.9
48  49     1.1  0.0  0.0  0.0  1.1  0.0  0.0  0.0  1.1
49  50     0.9  0.0  0.0  0.0  0.9  0.0  0.0  0.0  0.9
50  51     1.1  0.0  0.0  0.0  1.1  0.0  0.0  0.0  1.1
51  52     0.9  0.0  0.0  0.0  0.9  0.0  0.0  0.0  0.9
52  53     1.1  0.0  0.0  0.0  1.1  0.0  0.0  0.0  1.1
53  54     0.9  0.0  0.0  0.0  0.9  0.0  0.0  0.0  0.9
54  55     1.1  0.0  0.0  0.0  1.1  0.0  0.0  0.0  1.1
55  56     0.9  0.0  0.0  0.0  0.9  0.0  0.0  0.0  0.9
56  57     1.1  0.0  0.0  0.0  1.1  0.0  0.0  0.0  1.1
57  58     0.9  0.0  0.0  0.0  0.9  0.0  0.0  0.0  0.9
58  59     1.1  0.0  0.0  0.0  1.1  0.0  0.0  0.0  1.1
