38
0  37     0.9876883405951378  0.15643446504023087  0.0  -0.15643446504023087  0.9876883405951378  0.0  0.0  0.0  1.0
1  0     1.0  0.0  0.0  0.0  1.0  0.0  0.0  0.0  1.0
2  1     1.0  0.0  0.0  0.0  1.0  0.0  0.0  0.0  1.0
3  2     1.0  0.0  0.0  0.0  1.0  0.0  0.0  0.0  1.0
4  3     1.0  0.0  0.0  0.0  1.0  0.0  0.0  0.0  1.0
5  4     1.0  0.0  0.0  0.0  1.0  0.0  0.0  0.0  1.0
6  5     1.0  0.0  0.0  0.0  1.0  0.0  0.0  0.0  1.0
7  6     1.0  0.0  0.0  0.0  1.0  0.0  0.0  0.0  1.0
8  7     1.0  0.0  0.0  0.0  1.0  0.0  0.0  0.0  1.0
9  8     1.0  0.0  0.0  0.0  1.0  0.0  0.0  0.0  1.0
10  9     1.0  0.0  0.0  0.0  1.0  0.0  0.0  0.0  1.0
11  10     1.0  0.0  0.0  0.0  1.0  0.0  0.0  0.0  1.0
12  11     1.0  0.0  0.0  0.0  1.0  0.0  0.0  0.0  1.0
13  12     1.0  0.0  0.0  0.0  1.0  0.0  0.0  0.0  1.0
14  13     1.0  0.0  0.0  0.0  1.0  0.0  0.0  0.0  1.0
15  14     1.0  0.0  0.0  0.0  1.0  0.0  0.0  0.0  1.0
16  15     1.0  0.0  0.0  0.0  1.0  0.0  0.0  0.0  1.0
17  16     1.0  0.0  0.0  0.0  1.0  0.0  0.0  0.0  1.0
18  17     1.0  0.0  0.0  0.0  1.0  0.0  0.0  0.0  1.0
19  18     1.0  0.0  0.0  0.0  1.0  0.0  0.0  0.0  1.0
20  19     1.0  0.0  0.0  0.0  1.0  0.0  0.0  0.0  1.0
21  20     1.0  0.0  0.0  0.0  1.0  0.0  0.0  0.0  1.0
22  21     1.0  0.0  0.0  0.0  1.0  0.0  0.0  0.0  1.0
23  22     1.0  0.0  0.0  0.0  1.0  0.0  0.0  0.0  1.0
24  23     1.0  0.0  0.0  0.0  1.0  0.0  0.0  0.0  1.0
25  24     1.0  0.0  0.0  0.0  1.0  0.0  0.0  0.0  1.0
26  25     1.0  0.0  0.0  0.0  1.0  0.0  0.0  0.0  1.0
27  26     1.0  0.0  0.0  0.0  1.0  0.0  0.0  0.0  1.0
28  27     1.0  0.0  0.0  0.0  1.0  0.0  0.0  0.0  1.0
29  28     1.0  0.0  0.0  0.0  1.0  0.0  0.0  0.0  1.0
30  29     1.0  0.0  0.0  0.0  1.0  0.0  0.0  0.0  1.0
31  30     1.0  0.0  0.0  0.0  1.0  0.0  0.0  0.0  1.0
32  31     1.0  0.0  0.0  0.0  1.0  0.0  0.0  0.0  1.0
33  32     1.0  0.0  0.0  0.0  1.0  0.0  0.0  0.0  1.0
34  33     1.0  0.0  0.0  0.0  1.0  0.0  0.0  0.0  1.0
35  34     1.0  0.0  0.0  0.0  1.0  0.0  0.0  0.0  1.0
36  35     1.0  0.0  0.0  0.0  1.0  0.0  0.0  0.0  1.0
37  36     1.0  0.0  0.0  0.0  1.0  0.0  0.0  0.0  1.0
