38
0  1     0.8  0.0  0.0  0.0  0.8  0.0  0.0  0.0  0.8
1  0     0.8  0.0  0.0  0.0  0.8  0.0  0.0  0.0  0.8
1  2     1.2  0.0  0.0  0.0  1.2  0.0  0.0  0.0  1.2
2  1     1.2  0.0  0.0  0.0  1.2  0.0  0.0  0.0  1.2
2  3     0.8  0.0  0.0  0.0  0.8  0.0  0.0  0.0  0.8
3  2     0.8  0.0  0.0  0.0  0.8  0.0  0.0  0.0  0.8
3  4     1.2  0.0  0.0  0.0  1.2  0.0  0.0  0.0  1.2
4  3     1.2  0.0  0.0  0.0  1.2  0.0  0.0  0.0  1.2
4  5     0.8  0.0  0.0  0.0  0.8  0.0  0.0  0.0  0.8
5  4     0.8  0.0  0.0  0.0  0.8  0.0  0.0  0.0  0.8
5  6     1.2  0.0  0.0  0.0  1.2  0.0  0.0  0.0  1.2
6  5     1.2  0.0  0.0  0.0  1.2  0.0  0.0  0.0  1.2
6  7     0.8  0.0  0.0  0.0  0.8  0.0  0.0  0.0  0.8
7  6     0.8  0.0  0.0  0.0  0.8  0.0  0.0  0.0  0.8
7  8     1.2  0.0  0.0  0.0  1.2  0.0  0.0  0.0  1.2
8  7     1.2  0.0  0.0  0.0  1.2  0.0  0.0  0.0  1.2
8  9     0.8  0.0  0.0  0.0  0.8  0.0  0.0  0.0  0.8
9  8     0.8  0.0  0.0  0.0  0.8  0.0  0.0  0.0  0.8
9  10     1.2  0.0  0.0  0.0  1.2  0.0  0.0  0.0  1.2
10  9     1.2  0.0  0.0  0.0  1.2  0.0  0.0  0.0  1.2
10  11     0.8  0.0  0.0  0.0  0.8  0.0  0.0  0.0  0.8
11  10     0.8  0.0  0.0  0.0  0.8  0.0  0.0  0.0  0.8
11  12     1.2  0.0  0.0  0.0  1.2  0.0  0.0  0.0  1.2
12  11     1.2  0.0  0.0  0.0  1.2  0.0  0.0  0.0  1.2
12  13     0.8  0.0  0.0  0.0  0.8  0.0  0.0  0.0  0.8
13  12     0.8  0.0  0.0  0.0  0.8  0.0  0.0  0.0  0.8
13  14     1.2  0.0  0.0  0.0  1.2  0.0  0.0  0.0  1.2
14  13     1.2  0.0  0.0  0.0  1.2  0.0  0.0  0.0  1.2
14  15     0.8  0.0  0.0  0.0  0.8  0.0  0.0  0.0  0.8
15  14     0.8  0.0  0.0  0.0  0.8  0.0  0.0  0.0  0.8
15  16     1.2  0.0  0.0  0.0  1.2  0.0  0.0  0.0  1.2
16  15     1.2  0.0  0.0  0.0  1.2  0.0  0.0  0.0  1.2
16  17     0.8  0.0  0.0  0.0  0.8  0.0  0.0  0.0  0.8
17  16     0.8  0.0  0.0  0.0  0.8  0.0  0.0  0.0  0.8
17  18     1.2  0.0  0.0  0.0  1.2  0.0  0.0  0.0  1.2
18  17     1.2  0.0  0.0  0.0  1.2  0.0  0.0  0.0  1.2
18  19     0.8  0.0  0.0  0.0  0.8  0.0  0.0  0.0  0.8
19  18     0.8  0.0  0.0  0.0  0.8  0.0  0.0  0.0  0.8
