20
0  19     1.0  -2.4492935982947064e-16  0.0  2.4492935982947064e-16  1.0  0.0  0.0  0.0  1.0
1  0     1.0  0.0  0.0  0.0  1.0  0.0  0.0  0.0  1.0
2  1     1.0  0.0  0.0  0.0  1.0  0.0  0.0  0.0  1.0
3  2     1.0  0.0  0.0  0.0  1.0  0.0  0.0  0.0  1.0
4  3     1.0  0.0  0.0  0.0  1.0  0.0  0.0  0.0  1.0
5  4     1.0  0.0  0.0  0.0  1.0  0.0  0.0  0.0  1.0
6  5     1.0  0.0  0.0  0.0  1.0  0.0  0.0  0.0  1.0
7  6     1.0  0.0  0.0  0.0  1.0  0.0  0.0  0.0  1.0
8  7     1.0  0.0  0.0  0.0  1.0  0.0  0.0  0.0  1.0
9  8     1.0  0.0  0.0  0.0  1.0  0.0  0.0  0.0  1.0
10  9     1.0  0.0  0.0  0.0  1.0  0.0  0.0  0.0  1.0
11  10     1.0  0.0  0.0  0.0  1.0  0.0  0.0  0.0  1.0
12  11     1.0  0.0  0.0  0.0  1.0  0.0  0.0  0.0  1.0
13  12     1.0  0.0  0.0  0.0  1.0  0.0  0.0  0.0  1.0
14  13     1.0  0.0  0.0  0.0  1.0  0.0  0.0  0.0  1.0
15  14     1.0  0.0  0.0  0.0  1.0  0.0  0.0  0.0  1.0
16  15     1.0  0.0  0.0  0.0  1.0  0.0  0.0  0.0  1.0
17  16     1.0  0.0  0.0  0.0  1.0  0.0  0.0  0.0  1.0
18  17     1.0  0.0  0.0  0.0  1.0  0.0  0.0  0.0  1.0
19  18     1.0  0.0  0.0  0.0  1.0  0.0  0.0  0.0  1.0
