10
0  9     1.0  -2.4492935982947064e-16  0.0  2.4492935982947064e-16  1.0  0.0  0.0  0.0  1.0
1  0     1.0  0.0  0.0  0.0  1.0  0.0  0.0  0.0  1.0
2  1     1.0  0.0  0.0  0.0  1.0  0.0  0.0  0.0  1.0
3  2     1.0  0.0  0.0  0.0  1.0  0.0  0.0  0.0  1.0
4  3     1.0  0.0  0.0  0.0  1.0  0.0  0.0  0.0  1.0
5  4     1.0  0.0  0.0  0.0  1.0  0.0  0.0  0.0  1.0
6  5     1.0  0.0  0.0  0.0  1.0  0.0  0.0  0.0  1.0
7  6     1.0  0.0  0.0  0.0  1.0  0.0  0.0  0.0  1.0
8  7     1.0  0.0  0.0  0.0  1.0  0.0  0.0  0.0  1.0
9  8     1.0  0.0  0.0  0.0  1.0  0.0  0.0  0.0  1.0
